-obj 1 1 0 0 0 4 4 4 0 0 1 0
-mat .2 .2 .2 .6 .6 .6 10 .8 0 1

-obj 1 .1 0 0 13 1.7 1.7 .5 0 0 1 0
-mat .05 .05 .05 .3 .3 .3 100 .9 1 1

-obj 1 .1 -1 0 4.5 .6 .2 10 1 0 0 90
-mat 0 0 0 0 0 0 0 .8 0 0

-obj 1 .1 0 1.1 4.5 .2 .2 10 0 1 0 90
-mat 0 0 0 0 0 0 0 .8 0 0

-obj 1 .1 0 20 0 50 50 1 1 0 0 90
-mat 0 0 0 1 1 1 100 .9 0 1
-obj 1 .1 0 -20 0 50 50 1 1 0 0 90
-mat 0 0 0 1 1 1 100 .9 0 1

-l 10 -2 10 0 0 1 0.001
-l -7 10 10 0 1 0 0.001
-l -10 -10 10 1 0 0 0.001
-l -1 1.1 12 1 1 1 0.001
-le 0 0 0 0.001

-eye 0 0 5
-la 0 0 10
-f .03 .015
-res 600 600
-anti
